s 88
t 65
E 1
V 98
e 43 46 5
e 97 43 1
e 43 90 1
e 46 56 1
e 79 46 5
e 48 42 2
e 75 42 1
e 16 42 2
e 17 48 2
e 48 90 5
e 18 26 1
e 73 18 4
e 18 0 1
e 32 26 1
e 15 26 3
e 6 91 1
e 6 5 1
e 6 7 1
e 40 91 5
e 92 91 3
e 58 52 1
e 52 35 3
e 95 52 3
e 58 24 3
e 58 77 3
e 55 19 3
e 60 19 2
e 19 53 1
e 39 55 3
e 55 44 1
e 36 71 2
e 36 38 4
e 36 20 2
e 71 88 3
e 71 69 4
e 49 1 4
e 72 1 2
e 62 1 1
e 49 38 1
e 60 49 1
e 10 5 1
e 5 87 2
e 10 89 2
e 10 57 2
e 9 63 1
e 9 60 3
e 9 80 1
e 63 68 1
e 34 63 2
e 12 25 1
e 12 39 1
e 12 50 5
e 25 56 1
e 25 80 1
e 87 75 2
e 75 3 3
e 14 31 4
e 95 14 3
e 73 14 3
e 80 31 1
e 84 31 1
e 2 11 1
e 2 28 3
e 51 2 1
e 27 11 2
e 11 54 1
e 44 22 2
e 22 39 1
e 22 45 2
e 78 44 2
e 95 16 1
e 79 76 3
e 76 68 2
e 21 76 3
e 24 79 2
e 66 85 1
e 66 41 1
e 66 29 3
e 33 85 1
e 85 21 1
e 89 51 2
e 51 13 4
e 89 40 2
e 20 32 2
e 32 65 3
e 59 16 1
e 17 87 2
e 27 17 5
e 81 72 1
e 72 15 5
e 50 4 1
e 4 90 3
e 7 4 2
e 83 50 1
e 28 13 1
e 30 13 4
e 28 74 1
e 8 96 1
e 83 8 3
e 8 69 1
e 96 33 1
e 70 96 1
e 88 92 1
e 70 88 2
e 54 40 2
e 84 23 2
e 33 23 5
e 62 23 2
e 84 92 1
e 64 0 2
e 57 0 1
e 24 64 1
e 64 57 2
e 67 93 2
e 67 27 1
e 47 67 1
e 93 86 3
e 93 73 2
e 30 54 1
e 53 45 3
e 45 37 1
e 81 53 1
e 30 47 2
e 7 68 1
e 70 59 3
e 65 59 3
e 65 3 1
e 3 61 2
e 69 35 1
e 35 78 1
e 78 74 1
e 81 34 1
e 15 41 2
e 47 41 3
e 56 38 2
e 77 82 1
e 77 61 2
e 82 20 2
e 82 37 3
e 94 86 1
e 86 62 4
e 29 94 1
e 94 97 3
e 83 21 1
e 34 61 3
e 74 97 2
e 29 37 3
