s 91
t 87
E 4
V 122
e 53 36 1
e 36 48 3
e 36 74 2
e 53 52 2
e 53 25 5
e 39 15 2
e 121 15 2
e 15 109 3
e 30 39 1
e 18 39 1
e 112 42 1
e 42 105 1
e 42 38 2
e 71 112 1
e 29 112 6
e 65 5 2
e 115 5 3
e 5 90 1
e 106 65 2
e 65 2 4
e 22 81 1
e 22 91 1
e 61 22 1
e 44 81 1
e 81 118 1
e 83 85 1
e 87 83 2
e 41 83 2
e 85 27 5
e 72 85 3
e 87 11 1
e 11 111 3
e 99 11 2
e 87 33 3
e 71 49 3
e 49 26 4
e 17 49 3
e 71 34 3
e 69 104 2
e 13 69 2
e 84 69 2
e 67 104 1
e 104 13 3
e 84 68 1
e 68 7 1
e 1 68 2
e 84 26 4
e 21 64 1
e 89 21 1
e 21 95 3
e 64 86 1
e 115 64 1
e 55 114 1
e 55 76 2
e 55 46 2
e 100 114 2
e 105 114 2
e 75 6 4
e 6 19 1
e 6 78 1
e 75 31 1
e 75 23 3
e 110 60 2
e 60 1 2
e 59 60 1
e 110 44 2
e 51 110 2
e 30 70 2
e 30 51 1
e 59 105 2
e 86 95 1
e 37 86 1
e 2 95 3
e 40 107 1
e 32 40 2
e 37 40 3
e 17 107 1
e 107 1 3
e 106 116 1
e 111 106 1
e 14 116 1
e 116 20 2
e 46 77 1
e 99 46 4
e 18 77 1
e 77 24 1
e 52 90 2
e 93 52 4
e 92 90 2
e 41 59 1
e 74 48 2
e 103 48 3
e 38 10 1
e 82 10 4
e 66 10 1
e 113 38 2
e 12 92 2
e 66 92 3
e 16 88 2
e 16 121 3
e 16 25 1
e 17 88 1
e 56 88 1
e 25 4 2
e 4 102 1
e 4 80 1
e 67 35 2
e 35 29 1
e 35 98 2
e 67 0 1
e 41 94 1
e 108 58 3
e 58 3 3
e 43 58 2
e 50 108 1
e 61 108 1
e 117 80 2
e 8 80 2
e 78 117 1
e 118 117 2
e 0 94 1
e 0 79 1
e 94 27 3
e 91 34 1
e 13 34 1
e 70 62 2
e 70 101 1
e 97 89 4
e 7 89 1
e 29 47 1
e 61 47 2
e 47 8 2
e 14 28 2
e 14 27 2
e 28 45 2
e 19 28 2
e 3 111 1
e 100 121 3
e 82 32 1
e 51 32 3
e 54 82 4
e 44 73 2
e 91 19 3
e 26 109 2
e 100 119 1
e 119 73 2
e 119 2 1
e 37 115 3
e 96 24 1
e 24 9 1
e 93 96 1
e 33 96 2
e 23 3 1
e 57 120 3
e 33 57 1
e 23 57 1
e 18 120 3
e 54 120 2
e 98 97 4
e 56 97 2
e 56 102 3
e 102 79 3
e 73 113 2
e 45 50 1
e 9 50 1
e 99 74 1
e 72 63 1
e 45 63 1
e 63 62 1
e 72 101 4
e 7 8 1
e 98 79 1
e 76 31 4
e 62 31 1
e 76 12 2
e 78 103 1
e 12 103 1
e 66 118 2
e 20 109 3
e 54 9 1
e 113 101 1
e 43 93 3
e 43 20 2
