s 4
t 26
E 4
V 152
e 38 142 2
e 79 38 1
e 85 38 1
e 142 136 3
e 4 142 1
e 84 16 3
e 149 16 2
e 16 52 2
e 84 47 1
e 84 133 1
e 64 133 2
e 66 64 1
e 64 85 1
e 130 133 3
e 94 15 1
e 88 15 3
e 83 15 1
e 94 45 1
e 94 126 1
e 90 73 4
e 73 10 1
e 29 73 4
e 90 108 1
e 149 90 2
e 118 122 2
e 114 118 2
e 118 76 1
e 4 122 1
e 122 75 1
e 24 115 2
e 24 121 2
e 100 24 1
e 115 108 2
e 124 115 3
e 33 63 1
e 104 33 2
e 60 33 1
e 125 63 1
e 59 63 1
e 144 150 3
e 144 58 2
e 144 97 1
e 150 20 2
e 145 150 1
e 93 31 2
e 31 145 1
e 101 31 1
e 127 93 1
e 54 93 3
e 44 127 1
e 44 35 2
e 119 44 2
e 127 21 4
e 19 128 2
e 19 13 1
e 19 96 1
e 9 128 1
e 128 143 1
e 89 12 3
e 23 12 2
e 12 6 3
e 131 89 1
e 89 74 2
e 55 114 1
e 72 114 2
e 81 75 2
e 69 75 2
e 69 81 1
e 81 132 2
e 91 74 4
e 32 74 1
e 87 91 3
e 91 99 1
e 3 104 1
e 3 70 3
e 17 3 2
e 65 104 1
e 125 6 2
e 147 125 1
e 119 21 1
e 49 21 2
e 9 119 4
e 55 112 1
e 55 51 1
e 151 132 1
e 101 132 3
e 151 80 1
e 30 151 3
e 32 39 1
e 32 148 1
e 86 39 1
e 134 39 1
e 136 116 1
e 136 67 2
e 8 103 4
e 8 34 3
e 113 8 2
e 103 27 2
e 72 103 1
e 18 83 2
e 53 18 3
e 18 134 1
e 83 79 1
e 35 0 1
e 79 35 3
e 57 30 2
e 30 141 3
e 57 59 2
e 41 57 1
e 82 95 3
e 146 82 4
e 76 82 1
e 61 95 4
e 110 95 1
e 108 47 2
e 70 116 1
e 26 70 1
e 36 137 1
e 36 100 4
e 36 129 1
e 120 137 2
e 61 137 1
e 52 25 1
e 68 25 2
e 25 66 1
e 43 52 1
e 6 76 1
e 20 1 2
e 139 20 2
e 105 2 1
e 78 2 4
e 135 2 3
e 86 105 2
e 105 130 3
e 87 60 1
e 65 87 1
e 50 45 2
e 11 45 1
e 102 146 1
e 102 124 1
e 102 5 1
e 109 146 1
e 126 59 2
e 71 0 1
e 9 0 1
e 98 71 2
e 71 116 4
e 40 43 1
e 40 109 3
e 40 7 2
e 51 43 1
e 48 120 2
e 48 14 1
e 48 50 2
e 34 120 2
e 72 42 1
e 13 78 2
e 77 13 3
e 131 62 2
e 62 34 2
e 62 139 2
e 131 148 3
e 67 1 3
e 67 46 4
e 22 140 1
e 111 22 1
e 22 129 2
e 140 77 1
e 140 106 2
e 126 88 1
e 17 112 3
e 17 134 3
e 47 107 2
e 135 77 2
e 51 69 1
e 147 92 1
e 86 92 1
e 66 92 1
e 147 68 4
e 26 141 1
e 141 88 1
e 109 1 1
e 107 60 4
e 61 53 2
e 117 80 1
e 14 80 1
e 97 117 1
e 41 117 2
e 149 68 3
e 65 98 3
e 145 10 1
e 130 58 1
e 53 100 1
e 23 49 1
e 28 23 4
e 138 49 3
e 27 97 6
e 148 78 2
e 99 107 4
e 129 112 3
e 135 139 5
e 101 29 1
e 121 123 1
e 7 121 2
e 113 123 1
e 123 96 1
e 27 110 3
e 28 96 2
e 28 37 3
e 98 26 3
e 10 46 4
e 41 37 1
e 56 7 2
e 5 50 1
e 46 37 2
e 106 42 1
e 138 42 1
e 106 56 2
e 113 5 1
e 54 11 3
e 138 11 3
e 111 54 1
e 4 14 1
e 143 58 2
e 110 85 1
e 124 29 1
e 143 99 2
e 56 111 2
