s 20
t 39
E 1
V 52
e 7 0 1
e 1 0 1
e 8 1 3
e 2 1 3
e 9 2 2
e 2 3 2
e 3 10 5
e 3 4 2
e 11 4 2
e 4 5 1
e 5 12 2
e 6 5 2
e 13 6 2
e 14 7 3
e 7 8 1
e 15 8 2
e 9 8 1
e 9 16 4
e 10 9 1
e 10 17 2
e 11 10 2
e 11 18 2
e 11 12 1
e 19 12 1
e 13 12 1
e 13 20 3
e 14 21 3
e 14 15 1
e 22 15 1
e 15 16 2
e 16 23 1
e 17 16 1
e 24 17 3
e 18 17 1
e 25 18 1
e 18 19 3
e 26 19 1
e 19 20 2
e 20 27 1
e 21 28 1
e 22 21 3
e 29 22 2
e 23 22 3
e 23 30 1
e 24 23 2
e 24 31 2
e 25 24 2
e 32 25 1
e 25 26 2
e 33 26 2
e 26 27 2
e 27 34 2
e 35 28 1
e 29 28 1
e 36 29 2
e 30 29 1
e 30 37 1
e 30 31 1
e 31 38 1
e 31 32 4
e 32 39 1
e 33 32 1
e 40 33 2
e 34 33 1
e 41 34 1
e 35 42 3
e 35 36 2
e 36 43 1
e 37 36 1
e 37 44 1
e 38 37 3
e 45 38 2
e 38 39 1
e 46 39 1
e 40 39 1
e 47 40 3
e 41 40 1
e 48 41 2
e 42 43 3
e 44 43 2
e 44 45 1
e 46 45 1
e 46 47 2
e 48 47 5
