s 20
t 32
E 1
V 55
e 0 1 3
e 0 54 2
e 0 51 1
e 0 37 3
e 2 1 1
e 3 1 1
e 1 54 1
e 33 1 1
e 1 34 2
e 3 2 1
e 2 4 2
e 23 2 1
e 3 4 2
e 5 3 2
e 25 3 1
e 50 3 2
e 5 4 2
e 4 47 2
e 4 9 2
e 5 6 3
e 7 5 4
e 6 50 2
e 6 44 2
e 8 7 1
e 7 9 2
e 8 9 1
e 8 10 1
e 9 51 1
e 10 11 1
e 12 10 2
e 13 10 3
e 11 12 2
e 11 13 2
e 13 12 1
e 12 30 1
e 20 12 2
e 13 28 2
e 40 13 1
e 14 15 4
e 14 16 1
e 15 16 1
e 15 33 1
e 17 16 1
e 18 16 1
e 37 16 1
e 47 16 3
e 19 17 1
e 17 47 2
e 19 18 1
e 18 26 1
e 35 18 2
e 19 20 3
e 21 19 1
e 52 19 3
e 20 21 3
e 21 22 4
e 23 21 3
e 22 23 3
e 22 24 2
e 23 25 2
e 24 25 4
e 24 26 2
e 25 35 4
e 25 48 2
e 26 27 3
e 26 42 1
e 28 27 1
e 45 27 2
e 29 28 1
e 28 30 2
e 30 29 1
e 29 31 1
e 30 31 1
e 30 32 2
e 33 31 2
e 31 50 2
e 32 33 3
e 34 32 1
e 33 35 3
e 35 34 1
e 36 37 1
e 38 36 1
e 38 37 3
e 38 39 4
e 53 38 1
e 38 46 3
e 40 39 2
e 42 39 1
e 40 45 1
e 42 41 1
e 41 43 2
e 42 43 1
e 42 44 2
e 44 43 2
e 45 43 3
e 45 44 1
e 44 50 2
e 53 44 1
e 45 46 7
e 45 47 1
e 46 47 1
e 47 48 1
e 49 48 2
e 48 50 2
e 49 50 1
e 49 51 5
e 51 50 3
e 53 51 1
e 54 52 2
e 53 54 2
