s 7
t 12
E 2
V 85
e 0 84 2
e 2 0 1
e 0 83 3
e 0 73 1
e 42 0 1
e 1 3 2
e 1 84 1
e 1 82 2
e 3 2 1
e 4 2 3
e 4 3 1
e 3 25 3
e 5 4 2
e 4 6 2
e 6 5 3
e 7 5 1
e 7 6 1
e 6 8 1
e 7 9 4
e 7 73 1
e 49 7 1
e 7 37 1
e 10 8 1
e 55 8 1
e 9 19 2
e 57 9 2
e 11 10 1
e 10 26 1
e 29 10 2
e 11 12 4
e 60 11 4
e 13 12 3
e 14 12 1
e 31 12 3
e 64 12 2
e 14 13 1
e 15 13 4
e 13 71 1
e 14 15 2
e 14 16 2
e 46 14 1
e 14 61 2
e 15 16 1
e 17 15 3
e 45 15 1
e 16 17 1
e 18 16 1
e 17 19 3
e 45 17 1
e 19 18 1
e 18 20 3
e 52 18 2
e 19 21 2
e 27 19 2
e 19 46 3
e 21 20 3
e 20 22 3
e 72 20 1
e 22 21 4
e 21 23 1
e 22 23 3
e 22 32 2
e 25 23 4
e 23 29 4
e 24 25 1
e 24 26 2
e 25 27 1
e 25 70 1
e 37 25 4
e 27 26 2
e 28 26 1
e 26 69 1
e 27 28 2
e 49 27 4
e 29 28 1
e 28 30 3
e 30 29 4
e 31 30 1
e 32 30 1
e 31 33 1
e 32 33 2
e 32 34 1
e 32 78 1
e 32 42 2
e 34 33 4
e 33 35 1
e 80 33 1
e 36 34 2
e 83 34 1
e 35 37 1
e 35 47 1
e 36 37 1
e 36 38 1
e 39 38 2
e 38 40 5
e 40 39 2
e 39 41 1
e 40 41 1
e 42 40 2
e 40 56 2
e 41 42 3
e 41 43 2
e 57 41 2
e 44 43 1
e 43 45 2
e 46 44 1
e 61 44 2
e 45 60 2
e 48 45 2
e 48 47 1
e 49 47 1
e 50 48 2
e 51 49 2
e 50 51 1
e 50 52 2
e 52 51 3
e 53 51 3
e 54 52 2
e 54 53 1
e 53 57 3
e 55 54 4
e 54 56 1
e 55 56 2
e 57 55 2
e 70 55 1
e 58 56 1
e 57 59 4
e 58 59 2
e 58 60 2
e 59 60 1
e 59 61 2
e 61 60 2
e 62 60 1
e 60 75 1
e 61 62 2
e 62 63 3
e 64 62 5
e 62 75 2
e 64 63 1
e 65 63 4
e 66 64 5
e 66 65 3
e 65 67 1
e 66 67 1
e 68 66 5
e 67 68 1
e 70 67 2
e 69 68 2
e 68 70 1
e 70 69 1
e 70 71 1
e 72 71 1
e 73 72 3
e 73 74 2
e 73 75 1
e 75 74 3
e 74 76 1
e 76 77 3
e 76 78 1
e 78 77 2
e 77 79 2
e 80 78 4
e 79 80 1
e 81 79 1
e 81 80 4
e 82 81 1
e 83 81 4
e 82 83 1
e 84 82 5
e 83 84 2
