s 44
t 53
E 3
V 64
e 1 0 1
e 63 0 1
e 0 2 1
e 1 2 1
e 3 1 2
e 2 3 2
e 2 6 1
e 39 2 2
e 3 4 1
e 57 3 3
e 3 42 2
e 4 5 2
e 4 6 1
e 5 6 2
e 5 22 1
e 6 23 2
e 6 27 2
e 6 54 2
e 7 8 1
e 7 9 1
e 8 9 3
e 8 35 2
e 26 8 1
e 9 10 2
e 9 11 2
e 10 11 4
e 10 34 1
e 11 13 2
e 11 29 4
e 13 12 1
e 12 14 1
e 13 14 3
e 15 13 1
e 43 13 1
e 14 15 1
e 16 14 2
e 36 14 1
e 14 54 1
e 15 16 1
e 17 15 2
e 15 19 4
e 17 16 2
e 18 16 1
e 16 24 1
e 18 17 1
e 19 17 2
e 19 18 1
e 18 20 4
e 63 18 1
e 21 19 1
e 30 19 1
e 20 21 2
e 20 30 4
e 57 20 3
e 23 21 3
e 50 21 1
e 22 24 3
e 22 37 1
e 24 23 1
e 25 23 1
e 24 26 1
e 26 25 3
e 25 27 2
e 26 51 2
e 58 26 1
e 27 29 3
e 45 27 2
e 28 29 1
e 57 28 1
e 29 30 1
e 29 31 1
e 49 29 5
e 30 32 1
e 31 32 1
e 31 33 3
e 32 33 3
e 32 34 3
e 34 33 1
e 33 35 3
e 50 34 3
e 34 44 1
e 54 35 2
e 35 57 3
e 61 35 3
e 38 36 1
e 37 38 2
e 37 39 1
e 41 37 3
e 39 38 1
e 40 38 2
e 40 39 1
e 46 39 1
e 41 40 2
e 40 42 1
e 40 59 3
e 42 41 2
e 42 43 3
e 42 44 1
e 44 43 2
e 54 43 1
e 45 44 1
e 56 44 1
e 47 45 1
e 47 46 3
e 46 50 2
e 47 48 5
e 49 47 1
e 49 48 2
e 50 48 2
e 49 50 3
e 50 51 1
e 60 50 3
e 52 51 1
e 51 53 2
e 53 52 3
e 52 54 4
e 54 53 2
e 55 53 2
e 60 53 2
e 56 55 1
e 55 57 1
e 62 55 1
e 57 56 2
e 56 58 2
e 58 59 3
e 60 59 1
e 62 61 1
e 62 63 1
