s 32
t 2
E 1
V 35
e 2 0 1
e 0 3 2
e 1 3 1
e 10 1 2
e 15 2 3
e 23 2 2
e 5 3 3
e 3 26 2
e 29 3 2
e 5 4 4
e 6 4 2
e 4 14 1
e 5 6 3
e 17 5 2
e 34 5 2
e 6 34 1
e 6 15 1
e 8 6 4
e 7 8 1
e 7 9 2
e 7 23 1
e 8 9 1
e 11 8 2
e 10 9 1
e 9 11 1
e 9 30 4
e 11 10 1
e 14 10 2
e 10 18 2
e 11 33 3
e 12 14 1
e 18 12 3
e 14 13 3
e 15 13 1
e 17 15 3
e 18 15 1
e 17 16 5
e 18 16 2
e 18 17 1
e 17 19 2
e 17 27 1
e 17 33 2
e 19 18 1
e 18 20 1
e 20 19 1
e 21 19 1
e 20 21 1
e 20 22 2
e 20 28 1
e 21 22 1
e 23 21 2
e 23 22 2
e 22 24 3
e 23 24 2
e 24 26 2
e 24 32 1
e 25 26 1
e 25 27 3
e 27 26 1
e 26 28 1
e 27 32 1
e 30 28 1
e 31 29 1
e 30 31 2
e 34 30 1
e 31 32 5
e 33 31 2
e 33 32 2
e 34 32 5
e 33 34 1
