s 14
t 47
E 1
V 72
e 0 1 1
e 0 2 1
e 1 3 5
e 1 71 3
e 57 1 1
e 2 3 2
e 67 2 2
e 2 40 1
e 4 3 2
e 5 3 4
e 3 14 1
e 4 5 1
e 6 4 3
e 37 5 1
e 5 49 2
e 63 5 2
e 7 6 2
e 6 8 1
e 8 7 1
e 48 7 3
e 8 9 1
e 10 8 1
e 8 25 2
e 8 54 1
e 9 10 1
e 9 30 1
e 12 10 4
e 10 46 1
e 58 10 4
e 12 11 2
e 11 27 2
e 44 11 1
e 62 11 1
e 29 11 1
e 13 12 1
e 67 12 1
e 14 13 3
e 13 15 3
e 14 16 3
e 15 16 1
e 17 15 1
e 15 51 1
e 17 16 3
e 18 16 2
e 18 17 1
e 38 17 4
e 20 18 5
e 18 51 1
e 19 20 2
e 19 21 2
e 19 34 1
e 21 20 1
e 20 22 2
e 22 21 2
e 23 21 3
e 24 22 1
e 25 22 1
e 22 31 1
e 50 23 4
e 23 66 1
e 24 30 3
e 57 24 2
e 64 25 4
e 26 27 3
e 26 28 1
e 29 27 4
e 29 28 1
e 30 28 1
e 29 30 1
e 30 31 2
e 30 32 1
e 30 41 1
e 30 65 4
e 31 32 1
e 33 32 2
e 34 32 1
e 34 33 3
e 33 35 1
e 36 34 1
e 70 34 3
e 36 35 1
e 35 37 1
e 37 36 2
e 38 36 3
e 37 39 1
e 49 37 1
e 40 38 1
e 38 50 1
e 41 39 3
e 49 39 1
e 40 41 2
e 41 42 3
e 43 42 1
e 42 44 4
e 42 66 1
e 44 43 2
e 45 43 1
e 44 46 1
e 46 45 3
e 47 45 2
e 46 47 1
e 46 48 4
e 47 48 1
e 49 47 2
e 47 60 3
e 48 49 1
e 48 50 2
e 51 49 3
e 49 62 4
e 51 50 1
e 62 50 5
e 51 53 1
e 53 52 2
e 52 54 2
e 53 54 1
e 53 55 2
e 54 70 3
e 54 62 1
e 56 55 1
e 57 55 1
e 71 55 1
e 68 55 1
e 56 57 1
e 58 56 1
e 59 57 3
e 57 65 1
e 59 58 1
e 60 59 2
e 59 61 1
e 60 62 3
e 61 62 3
e 63 61 3
e 62 63 4
e 62 64 2
e 62 69 1
e 63 64 3
e 65 64 2
e 64 66 1
e 65 66 4
e 66 67 1
e 68 67 1
e 69 67 1
e 68 69 2
e 69 71 1
