s 0
t 11
E 3
V 15
e 0 1 4
e 0 4 3
e 5 0 1
e 8 0 3
e 9 0 4
e 10 0 1
e 12 0 2
e 0 14 4
e 4 1 1
e 5 1 3
e 1 8 1
e 10 1 4
e 1 11 1
e 1 12 1
e 14 1 1
e 3 2 4
e 2 4 2
e 2 5 3
e 8 2 1
e 11 2 1
e 2 12 1
e 2 13 2
e 2 14 1
e 3 4 1
e 3 7 1
e 10 3 1
e 3 12 3
e 4 5 1
e 4 7 2
e 4 8 1
e 4 10 2
e 11 4 2
e 5 6 2
e 5 8 2
e 10 5 2
e 5 11 1
e 12 5 3
e 5 13 1
e 5 14 3
e 7 6 1
e 6 8 4
e 6 9 2
e 10 6 2
e 12 6 3
e 13 6 1
e 7 9 3
e 10 7 1
e 7 13 3
e 14 7 3
e 10 8 3
e 8 12 3
e 10 9 1
e 11 9 1
e 9 12 1
e 9 14 1
e 11 10 1
e 10 14 1
e 12 11 3
e 11 14 3
e 12 13 2
e 12 14 2
e 14 13 5
