s 12
t 7
E 2
V 16
e 1 0 2
e 3 0 1
e 0 5 2
e 8 0 3
e 0 11 1
e 0 12 2
e 0 13 2
e 2 1 1
e 3 1 2
e 7 1 1
e 8 1 3
e 10 1 4
e 1 11 1
e 12 1 1
e 1 13 4
e 1 15 3
e 4 2 2
e 5 2 3
e 2 6 1
e 12 2 1
e 15 2 3
e 3 4 2
e 3 6 3
e 3 8 5
e 9 3 1
e 3 10 2
e 12 3 2
e 15 3 1
e 4 5 1
e 6 4 3
e 10 4 1
e 4 12 2
e 13 4 2
e 15 4 4
e 5 6 3
e 7 5 1
e 5 10 1
e 12 5 4
e 14 5 4
e 6 8 2
e 10 6 2
e 12 6 3
e 13 6 2
e 6 15 1
e 7 11 2
e 7 14 2
e 15 7 1
e 8 9 2
e 10 8 2
e 11 8 3
e 8 12 1
e 13 8 2
e 15 8 1
e 12 9 2
e 9 14 1
e 10 11 2
e 10 12 1
e 10 13 1
e 14 10 1
e 10 15 2
e 12 11 1
e 11 13 3
e 15 11 3
e 13 12 3
e 15 12 1
e 14 13 1
e 15 13 3
