s 7
t 10
E 3
V 16
e 0 3 2
e 9 0 4
e 0 11 1
e 0 15 3
e 3 1 2
e 1 5 1
e 7 1 2
e 8 1 3
e 1 10 1
e 1 11 2
e 1 12 5
e 3 2 1
e 2 4 1
e 8 2 1
e 2 10 2
e 12 2 2
e 14 2 2
e 4 3 1
e 3 7 1
e 8 3 2
e 3 9 2
e 3 11 2
e 3 14 1
e 4 5 1
e 4 7 1
e 4 9 3
e 10 4 2
e 4 13 1
e 8 5 4
e 9 5 2
e 5 11 1
e 5 13 5
e 5 14 2
e 5 15 2
e 6 8 2
e 12 6 1
e 13 6 2
e 15 6 1
e 8 7 1
e 7 10 1
e 11 7 2
e 10 8 1
e 14 8 2
e 9 12 1
e 13 9 3
e 14 9 2
e 11 10 3
e 13 10 2
e 10 14 5
e 11 12 1
e 13 11 2
e 11 15 2
e 12 13 2
e 15 12 3
e 13 14 1
e 15 13 2
